111111111111111111111111111111111111111111111
111110011111111111111111111111111111111111111
111110011111111111111111111111111111111111111
111111111111111111111111111111111111111111111
111111111111111111111111111111111111111111111
111111111111111111111111111111111111111111111
111111111111111111111111111111111111111111111
111111111111111111111111111111111111111111111
111111111111111111111111111111111111111111111
111111111111111111111111111111111111111111111
111111111111111111111111111111111111100111111
111111111111111111111111111111111111100111111
111111111111111111111111111111111111111111111
111111111111111111111111111111111111111111111
111111111111111111111110000001111111111111111
111111111111111111111110000001111111111111111
111111111111111111111110000001111111111111111
111111111111111111111110000001111111111111111
111111111111111111111111111111111111111111111
111111111111111111111111111111111111111111111
111111111111111111111111111111111111111111111
111111111111111111111100111111111111111111111
111111111111111111111100111111111111111111111
111111100111111111111100111111111111111111111
111111100111111111111100111111111111111111111
111111111111111111111100111111111111111111111
111111111111111111111111111111111111111111111
111111111111111111111111111111111111111111111
111111111111111111111111111111111111111111111
111111111111111111111111111111111111111111111
110011111111111111111111111111111111111111111
110011111111111111111111111111111111111111111
111111111111111111111111111111111111111111111
111111111111111111111111111111111111111111111
111111111111111111111111111111111111111111111
111111111111111111111111111111111111111111111
111001110011100111001110011100111001111001111
111111111111111111111111111111111111111111111
111111111111111111111111111111111111111111111
111111111111111111111111111111111111111111111
111111111111111111111111111111111111111111111
111111111111111111111111111111111111111111111
111111111111111111111111111111111111111111111
111111111111111111111111111111111111111111111
111111111111111111111111111111111111111111111
